20 20 4

minsum minsum minsum minsum

800 776 329 668 560 811 288 271 414 504 746 959 514 393 986 508 35 11 90 46
111 440 363 663 633 786 641 512 676 355 889 82 594 788 57 719 48 86 40 70
615 902 648 534 563 770 732 523 531 776 335 955 253 958 958 742 89 60 25 92
859 210 863 254 308 71 461 974 426 466 308 610 804 237 674 219 47 96 77 23

1 1 1 1 0 0 0 0 0 0 0 0 0 0 0 0 0 0 0 0
0 0 0 0 1 1 1 1 0 0 0 0 0 0 0 0 0 0 0 0
0 0 0 0 0 0 0 0 1 1 1 1 0 0 0 0 0 0 0 0
0 0 0 0 0 0 0 0 0 0 0 0 1 1 1 1 0 0 0 0
1 0 0 0 0 0 0 0 0 0 0 0 0 0 0 0 -1 0 0 0
0 1 0 0 0 0 0 0 0 0 0 0 0 0 0 0 0 -1 0 0
0 0 1 0 0 0 0 0 0 0 0 0 0 0 0 0 0 0 -1 0
0 0 0 1 0 0 0 0 0 0 0 0 0 0 0 0 0 0 0 -1
0 0 0 0 1 0 0 0 0 0 0 0 0 0 0 0 -1 0 0 0
0 0 0 0 0 1 0 0 0 0 0 0 0 0 0 0 0 -1 0 0
0 0 0 0 0 0 1 0 0 0 0 0 0 0 0 0 0 0 -1 0
0 0 0 0 0 0 0 1 0 0 0 0 0 0 0 0 0 0 0 -1
0 0 0 0 0 0 0 0 1 0 0 0 0 0 0 0 -1 0 0 0
0 0 0 0 0 0 0 0 0 1 0 0 0 0 0 0 0 -1 0 0
0 0 0 0 0 0 0 0 0 0 1 0 0 0 0 0 0 0 -1 0
0 0 0 0 0 0 0 0 0 0 0 1 0 0 0 0 0 0 0 -1
0 0 0 0 0 0 0 0 0 0 0 0 1 0 0 0 -1 0 0 0
0 0 0 0 0 0 0 0 0 0 0 0 0 1 0 0 0 -1 0 0
0 0 0 0 0 0 0 0 0 0 0 0 0 0 1 0 0 0 -1 0
0 0 0 0 0 0 0 0 0 0 0 0 0 0 0 1 0 0 0 -1

2 1
2 1
2 1
2 1
1 0
1 0
1 0
1 0
1 0
1 0
1 0
1 0
1 0
1 0
1 0
1 0
1 0
1 0
1 0
1 0

0 0 0 0 0 0 0 0 0 0 0 0 0 0 0 0 0 0 0 0
1 1 1 1 1 1 1 1 1 1 1 1 1 1 1 1 1 1 1 1
