21 14 4

minsum minsum minsum minsum

10 52 30 73 23 83 18 97 45 60 19 8 57 52 478 1002 22 698 1716 957 1816
34 60 31 69 60 72 17 67 47 78 50 71 91 30 2342 1548 1856 509 2045 714 1462
32 58 99 36 16 72 92 76 80 47 76 53 76 63 2171 231 443 1820 2025 1619 1142
60 17 23 32 64 12 91 20 41 55 75 51 84 45 1449 1772 1950 259 2179 1594 1245

1 0 0 0 0 0 0 -1 0 0 0 0 0 0 0 0 0 0 0 0 0
0 1 0 0 0 0 0 1 -1 0 0 0 0 0 0 0 0 0 0 0 0
0 0 1 0 0 0 0 0 1 -1 0 0 0 0 0 0 0 0 0 0 0
0 0 0 1 0 0 0 0 0 1 -1 0 0 0 0 0 0 0 0 0 0
0 0 0 0 1 0 0 0 0 0 1 -1 0 0 0 0 0 0 0 0 0
0 0 0 0 0 1 0 0 0 0 0 1 -1 0 0 0 0 0 0 0 0
0 0 0 0 0 0 1 0 0 0 0 0 1 -1 0 0 0 0 0 0 0
1 0 0 0 0 0 0 0 0 0 0 0 0 0 -198 0 0 0 0 0 0
0 1 0 0 0 0 0 0 0 0 0 0 0 0 0 -198 0 0 0 0 0
0 0 1 0 0 0 0 0 0 0 0 0 0 0 0 0 -198 0 0 0 0
0 0 0 1 0 0 0 0 0 0 0 0 0 0 0 0 0 -198 0 0 0
0 0 0 0 1 0 0 0 0 0 0 0 0 0 0 0 0 0 -198 0 0
0 0 0 0 0 1 0 0 0 0 0 0 0 0 0 0 0 0 0 -198 0
0 0 0 0 0 0 1 0 0 0 0 0 0 0 0 0 0 0 0 0 -198

2 31
2 2
2 43
2 27
2 29
2 22
2 44
1 0
1 0
1 0
1 0
1 0
1 0
1 0

0 0 0 0 0 0 0 0 0 0 0 0 0 0 0 0 0 0 0 0 0
198 198 198 198 198 198 198 198 198 198 198 198 198 198 1 1 1 1 1 1 1
