20 20 4

minsum minsum minsum minsum

541 941 928 996 717 495 258 736 638 402 642 145 432 333 260 312 25 50 34 69
711 250 504 979 288 820 841 168 784 774 826 515 543 465 775 869 91 49 94 17
162 372 448 888 799 171 424 779 231 236 157 826 367 605 752 590 80 44 27 79
954 806 335 8 392 849 698 568 521 928 641 954 742 668 418 418 39 60 99 60

1 1 1 1 0 0 0 0 0 0 0 0 0 0 0 0 0 0 0 0
0 0 0 0 1 1 1 1 0 0 0 0 0 0 0 0 0 0 0 0
0 0 0 0 0 0 0 0 1 1 1 1 0 0 0 0 0 0 0 0
0 0 0 0 0 0 0 0 0 0 0 0 1 1 1 1 0 0 0 0
1 0 0 0 0 0 0 0 0 0 0 0 0 0 0 0 -1 0 0 0
0 1 0 0 0 0 0 0 0 0 0 0 0 0 0 0 0 -1 0 0
0 0 1 0 0 0 0 0 0 0 0 0 0 0 0 0 0 0 -1 0
0 0 0 1 0 0 0 0 0 0 0 0 0 0 0 0 0 0 0 -1
0 0 0 0 1 0 0 0 0 0 0 0 0 0 0 0 -1 0 0 0
0 0 0 0 0 1 0 0 0 0 0 0 0 0 0 0 0 -1 0 0
0 0 0 0 0 0 1 0 0 0 0 0 0 0 0 0 0 0 -1 0
0 0 0 0 0 0 0 1 0 0 0 0 0 0 0 0 0 0 0 -1
0 0 0 0 0 0 0 0 1 0 0 0 0 0 0 0 -1 0 0 0
0 0 0 0 0 0 0 0 0 1 0 0 0 0 0 0 0 -1 0 0
0 0 0 0 0 0 0 0 0 0 1 0 0 0 0 0 0 0 -1 0
0 0 0 0 0 0 0 0 0 0 0 1 0 0 0 0 0 0 0 -1
0 0 0 0 0 0 0 0 0 0 0 0 1 0 0 0 -1 0 0 0
0 0 0 0 0 0 0 0 0 0 0 0 0 1 0 0 0 -1 0 0
0 0 0 0 0 0 0 0 0 0 0 0 0 0 1 0 0 0 -1 0
0 0 0 0 0 0 0 0 0 0 0 0 0 0 0 1 0 0 0 -1

2 1
2 1
2 1
2 1
1 0
1 0
1 0
1 0
1 0
1 0
1 0
1 0
1 0
1 0
1 0
1 0
1 0
1 0
1 0
1 0

0 0 0 0 0 0 0 0 0 0 0 0 0 0 0 0 0 0 0 0
1 1 1 1 1 1 1 1 1 1 1 1 1 1 1 1 1 1 1 1
