instance,p,n,configLB,configNodeSel,configOB,solved,YN,cpuTotal,nbLpSolved,cpuInitialization,cpuCplex,cpuUpdatePolyhedron,nbNodes,minDepth,maxDepth,avgDepth,nbFathomedInfeas,nbFathomedOptimality,nbFathomedDominance,cpuDominanceTest,cpuUbUpdate,cpuLbComputation,cpuComputeOb,cpuVarSel,cpuNodeSel
Kirlik14-ILP_p-3_n-10_m-5_ins-1.dat,3,10,LP,breadth,coneOB,1,22,1.82086,7951,0.279494,1.39251,0.057411,757,2,18,12.1926,323,9,47,0.00134129,0.00172999,1.7765,0.000194684,0.00517599,0.000163027
Kirlik14-ILP_p-3_n-10_m-5_ins-1.dat,3,10,LP,breadth,fullOB,1,22,1.40037,8038,0.221366,1.05117,0.0445901,785,2,18,12.1985,344,9,50,0.00102509,0.00131,1.35316,0.000787901,0.00427379,0.000144601
Kirlik14-ILP_p-3_n-10_m-5_ins-1.dat,3,10,LP,breadth,noOB,1,22,1.62874,9519,0.282995,1.21725,0.0501193,817,2,19,12.5428,261,28,120,0.00066453,0.00166829,1.58408,0.000139512,0.00325621,0.000108914
Kirlik14-ILP_p-3_n-10_m-5_ins-1.dat,3,10,LP,depth,coneOB,1,22,1.61647,9690,0.266784,1.19851,0.0481144,1031,2,20,13.2733,478,15,23,0.0010481,0.00173339,1.55545,0.000231983,0.00590649,0.000105708
Kirlik14-ILP_p-3_n-10_m-5_ins-1.dat,3,10,LP,depth,fullOB,1,22,1.63403,9785,0.264889,1.2056,0.0489181,1073,2,20,13.2004,517,15,22,0.0011273,0.0017457,1.56284,0.0014877,0.00568093,0.000131415
Kirlik14-ILP_p-3_n-10_m-5_ins-1.dat,3,10,LP,depth,noOB,1,22,1.94223,11470,0.345568,1.42074,0.0589241,1107,2,20,13.5199,380,57,117,0.0011101,0.00236391,1.87444,0.000180597,0.00407659,0.000113323
Kirlik14-ILP_p-3_n-10_m-5_ins-1.dat,3,10,WLP,breadth,coneOB,1,22,1.08145,5455,0.0368923,0.898843,0.0509826,757,2,18,12.1926,323,9,47,0.00111161,0.00108541,1.01844,0.000159092,0.0185163,0.00016361
Kirlik14-ILP_p-3_n-10_m-5_ins-1.dat,3,10,WLP,breadth,fullOB,1,22,1.16857,5544,0.0388346,0.978659,0.0517749,785,2,18,12.1985,344,9,50,0.0012383,0.0012081,1.10246,0.000706291,0.019758,0.000163712
Kirlik14-ILP_p-3_n-10_m-5_ins-1.dat,3,10,WLP,breadth,noOB,1,22,1.18332,6302,0.0375237,0.972591,0.0581197,817,2,19,12.5428,261,28,120,0.000757069,0.00134512,1.10042,0.000144389,0.0187722,0.000174762
Kirlik14-ILP_p-3_n-10_m-5_ins-1.dat,3,10,WLP,depth,coneOB,1,22,1.22247,6715,0.0419889,1.00178,0.0574255,1031,2,20,13.2733,478,15,23,0.00113429,0.0016737,1.14073,0.000205669,0.02225,0.000136544
Kirlik14-ILP_p-3_n-10_m-5_ins-1.dat,3,10,WLP,depth,fullOB,1,22,1.23973,6809,0.0409713,1.0189,0.0578194,1073,2,20,13.208,516,15,22,0.00123,0.00153222,1.16,0.00146681,0.0240711,0.000126671
Kirlik14-ILP_p-3_n-10_m-5_ins-1.dat,3,10,WLP,depth,noOB,1,22,1.48834,7624,0.0544187,1.23371,0.0640272,1107,2,20,13.5199,380,57,117,0.00107528,0.00184838,1.39881,0.000195513,0.021395,0.000118889
Kirlik14-ILP_p-3_n-10_m-5_ins-10.dat,3,10,LP,breadth,coneOB,1,5,0.360481,2026,0.0660051,0.258053,0.00902883,229,2,19,11.2696,98,2,15,0.0001244,0.000339,0.342369,3.49e-05,0.000908703,4.3096e-05
Kirlik14-ILP_p-3_n-10_m-5_ins-10.dat,3,10,LP,breadth,fullOB,1,5,0.34348,2027,0.063912,0.24377,0.00980271,231,2,19,11.3333,100,2,15,0.000106791,0.000310904,0.32633,0.000145601,0.000823903,2.3596e-05
Kirlik14-ILP_p-3_n-10_m-5_ins-10.dat,3,10,LP,breadth,noOB,1,5,0.559788,3252,0.105262,0.410961,0.0163189,295,2,21,12.25,80,7,61,0.000134405,0.000565801,0.544898,5.4808e-05,0.00111911,3.3206e-05
Kirlik14-ILP_p-3_n-10_m-5_ins-10.dat,3,10,LP,depth,coneOB,1,5,0.513301,2712,0.0922625,0.372929,0.0128461,307,2,20,12.1299,137,5,12,0.000167289,0.000416894,0.490742,5.0198e-05,0.0012459,2.9708e-05
Kirlik14-ILP_p-3_n-10_m-5_ins-10.dat,3,10,LP,depth,fullOB,1,5,0.472589,2715,0.0857196,0.340184,0.0132139,315,2,20,11.9317,146,5,10,0.000260092,0.000461804,0.452241,0.000295307,0.00151801,3.2293e-05
Kirlik14-ILP_p-3_n-10_m-5_ins-10.dat,3,10,LP,depth,noOB,1,5,0.615951,3784,0.1179,0.433801,0.0170803,353,2,21,12.9944,101,18,58,0.000153808,0.000691986,0.584469,5.3301e-05,0.0013376,3.3398e-05
Kirlik14-ILP_p-3_n-10_m-5_ins-10.dat,3,10,WLP,breadth,coneOB,1,5,0.300616,1501,0.0095126,0.24796,0.0136398,229,2,19,11.2696,98,2,15,0.000150907,0.000365797,0.280899,5.461e-05,0.0053986,3.5787e-05
Kirlik14-ILP_p-3_n-10_m-5_ins-10.dat,3,10,WLP,breadth,fullOB,1,5,0.279253,1504,0.0075127,0.222391,0.0123503,231,2,19,11.3333,100,2,15,0.000149483,0.00031331,0.250923,0.000144909,0.00474651,3.0394e-05
Kirlik14-ILP_p-3_n-10_m-5_ins-10.dat,3,10,WLP,breadth,noOB,1,5,0.444813,2319,0.0200217,0.363395,0.0202312,295,2,21,12.25,80,7,61,0.0001341,0.000425708,0.415225,4.5896e-05,0.0059072,4.0395e-05
Kirlik14-ILP_p-3_n-10_m-5_ins-10.dat,3,10,WLP,depth,coneOB,1,5,0.361294,1990,0.0113805,0.291071,0.0164912,307,2,20,12.1299,137,5,12,0.000167206,0.000366303,0.330813,4.6892e-05,0.0059378,3.249e-05
Kirlik14-ILP_p-3_n-10_m-5_ins-10.dat,3,10,WLP,depth,fullOB,1,5,0.363799,2003,0.0126608,0.298773,0.0159616,315,2,20,11.9317,146,5,10,0.000215994,0.00043981,0.338956,0.000263304,0.00655411,3.4003e-05
Kirlik14-ILP_p-3_n-10_m-5_ins-10.dat,3,10,WLP,depth,noOB,1,5,0.496927,2684,0.0191774,0.408734,0.0242152,353,2,21,12.9944,101,18,58,0.00021431,0.000677097,0.468048,6.1395e-05,0.0073311,4.0208e-05
Kirlik14-ILP_p-3_n-10_m-5_ins-2.dat,3,10,LP,breadth,coneOB,1,9,1.23201,7031,0.210441,0.916279,0.0355985,697,3,19,11.3639,289,5,55,0.000361204,0.0007142,1.19076,7.772e-05,0.00263429,0.00010109
Kirlik14-ILP_p-3_n-10_m-5_ins-2.dat,3,10,LP,breadth,fullOB,1,9,1.22944,6954,0.210437,0.90679,0.0351887,703,3,19,11.3511,298,5,53,0.000349609,0.000715707,1.18232,0.000265402,0.00313789,9.9716e-05
Kirlik14-ILP_p-3_n-10_m-5_ins-2.dat,3,10,LP,breadth,noOB,1,9,1.59806,8514,0.275369,1.19426,0.0481024,731,3,21,11.6612,243,11,112,0.000360296,0.000909992,1.55229,0.000144504,0.00296701,9.8715e-05
Kirlik14-ILP_p-3_n-10_m-5_ins-2.dat,3,10,LP,depth,coneOB,1,9,1.42265,7790,0.262581,1.03809,0.0394497,867,3,23,13.0069,395,15,24,0.00079752,0.00118058,1.37665,0.0001666,0.0039237,9.0888e-05
Kirlik14-ILP_p-3_n-10_m-5_ins-2.dat,3,10,LP,depth,fullOB,1,9,1.40579,7742,0.25348,1.01353,0.0375431,909,3,23,12.9464,433,15,18,0.000777805,0.0010917,1.33935,0.00116708,0.00396879,8.5328e-05
Kirlik14-ILP_p-3_n-10_m-5_ins-2.dat,3,10,LP,depth,noOB,1,9,1.72295,9640,0.307233,1.28149,0.0477432,875,3,23,13.0776,290,32,116,0.000572885,0.0013888,1.67906,0.000157313,0.00366631,8.7404e-05
Kirlik14-ILP_p-3_n-10_m-5_ins-2.dat,3,10,WLP,breadth,coneOB,1,9,1.05311,5629,0.030573,0.883423,0.0541952,697,3,19,11.3639,289,5,55,0.000413202,0.000731577,0.996911,8.6113e-05,0.0152723,0.0001854
Kirlik14-ILP_p-3_n-10_m-5_ins-2.dat,3,10,WLP,breadth,fullOB,1,9,1.02338,5554,0.0279141,0.860719,0.0522369,703,3,19,11.3511,298,5,53,0.000473827,0.000749783,0.969285,0.00030469,0.015763,0.000158703
Kirlik14-ILP_p-3_n-10_m-5_ins-2.dat,3,10,WLP,breadth,noOB,1,9,1.18932,6644,0.0300324,0.999827,0.0624804,731,3,21,11.6612,243,11,112,0.000320097,0.000809381,1.1224,0.000141305,0.0164083,0.000180479
Kirlik14-ILP_p-3_n-10_m-5_ins-2.dat,3,10,WLP,depth,coneOB,1,9,1.19571,6175,0.0373523,1.00154,0.0542627,867,3,23,13.0069,395,15,24,0.000743212,0.0011083,1.1293,0.000164294,0.0184257,0.000110223
Kirlik14-ILP_p-3_n-10_m-5_ins-2.dat,3,10,WLP,depth,fullOB,1,9,1.22884,6167,0.0348,1.03426,0.0535631,909,3,23,12.9464,433,15,18,0.000737281,0.00101561,1.15687,0.00111199,0.0183427,9.7015e-05
Kirlik14-ILP_p-3_n-10_m-5_ins-2.dat,3,10,WLP,depth,noOB,1,9,1.44716,7381,0.0403689,1.24307,0.0654579,875,3,23,13.0776,290,32,116,0.000657191,0.0013649,1.38768,0.00018299,0.0193362,9.3877e-05
Kirlik14-ILP_p-3_n-10_m-5_ins-3.dat,3,10,LP,breadth,coneOB,1,40,3.62422,20890,0.472276,2.86194,0.117985,1645,4,19,12.938,709,30,84,0.00323158,0.00310241,3.52755,0.000331112,0.00944659,0.00026408
Kirlik14-ILP_p-3_n-10_m-5_ins-3.dat,3,10,LP,breadth,fullOB,1,40,3.46727,20845,0.442279,2.70801,0.122064,1767,4,19,12.9731,821,29,80,0.00326361,0.00289829,3.35393,0.00139609,0.0103662,0.000307401
Kirlik14-ILP_p-3_n-10_m-5_ins-3.dat,3,10,LP,breadth,noOB,1,40,3.8267,23826,0.530298,2.99148,0.135197,1697,4,19,13.0506,551,72,226,0.00162337,0.00382031,3.73161,0.00030951,0.00719149,0.000257195
Kirlik14-ILP_p-3_n-10_m-5_ins-3.dat,3,10,LP,depth,coneOB,1,40,2.97537,18641,0.374104,2.34471,0.106065,1493,4,19,12.9143,667,44,36,0.00258082,0.00277477,2.88854,0.000406888,0.0093906,0.000131411
Kirlik14-ILP_p-3_n-10_m-5_ins-3.dat,3,10,LP,depth,fullOB,1,40,3.13307,17739,0.406717,2.46189,0.100886,1567,4,19,12.7184,760,44,27,0.0027853,0.00267031,3.03507,0.00297629,0.00982221,0.000147078
Kirlik14-ILP_p-3_n-10_m-5_ins-3.dat,3,10,LP,depth,noOB,1,40,3.76804,21948,0.50549,2.9498,0.132553,1577,4,19,13.0659,512,88,189,0.00248221,0.00398632,3.66915,0.000297878,0.00684773,0.000164287
Kirlik14-ILP_p-3_n-10_m-5_ins-3.dat,3,10,WLP,breadth,coneOB,1,40,2.51027,13950,0.0677079,2.07272,0.142743,1647,4,19,12.9454,710,30,84,0.00344701,0.00306579,2.35352,0.000313203,0.0476137,0.000440199
Kirlik14-ILP_p-3_n-10_m-5_ins-3.dat,3,10,WLP,breadth,fullOB,1,40,2.53388,14147,0.0690183,2.07991,0.141007,1769,4,19,12.9796,823,29,79,0.00337869,0.00276589,2.36476,0.00132971,0.0486796,0.000441978
Kirlik14-ILP_p-3_n-10_m-5_ins-3.dat,3,10,WLP,breadth,noOB,1,40,2.78286,15546,0.0793556,2.31104,0.16166,1697,4,19,13.0506,551,72,226,0.00210554,0.0036228,2.62302,0.000323561,0.0466399,0.000415758
Kirlik14-ILP_p-3_n-10_m-5_ins-3.dat,3,10,WLP,depth,coneOB,1,40,2.3278,12620,0.0630372,1.93655,0.119596,1493,4,19,12.9143,667,44,36,0.0030997,0.00259681,2.1794,0.000458202,0.0407488,0.000185401
Kirlik14-ILP_p-3_n-10_m-5_ins-3.dat,3,10,WLP,depth,fullOB,1,40,2.20141,12184,0.0574427,1.82162,0.116412,1567,4,19,12.7184,760,44,27,0.00309642,0.0026301,2.05888,0.00275789,0.0433637,0.000179663
Kirlik14-ILP_p-3_n-10_m-5_ins-3.dat,3,10,WLP,depth,noOB,1,40,2.71369,14275,0.0796032,2.2971,0.137427,1577,4,19,13.0659,512,88,189,0.00235029,0.00337693,2.58472,0.000288495,0.0391776,0.000199277
Kirlik14-ILP_p-3_n-10_m-5_ins-4.dat,3,10,LP,breadth,coneOB,1,110,7.01099,42301,0.80007,5.59776,0.25289,2933,3,21,13.8228,1228,60,179,0.0175844,0.00988306,6.78921,0.00100017,0.0259458,0.000573735
Kirlik14-ILP_p-3_n-10_m-5_ins-4.dat,3,10,LP,breadth,fullOB,1,110,7.38731,42521,0.891995,5.85092,0.258335,3229,3,21,13.8513,1471,62,195,0.0185724,0.00939375,7.1557,0.00520174,0.0296133,0.00074283
Kirlik14-ILP_p-3_n-10_m-5_ins-4.dat,3,10,LP,breadth,noOB,1,110,8.21499,48672,1.04444,6.51904,0.281707,3119,3,22,14.159,910,183,467,0.00786138,0.0119501,7.98876,0.00054855,0.0144836,0.000493044
Kirlik14-ILP_p-3_n-10_m-5_ins-4.dat,3,10,LP,depth,coneOB,1,110,6.78368,41088,0.827973,5.31652,0.248416,3087,3,21,14.2578,1338,107,99,0.0141283,0.0113465,6.53751,0.00167511,0.0368096,0.000307925
Kirlik14-ILP_p-3_n-10_m-5_ins-4.dat,3,10,LP,depth,fullOB,1,110,6.66009,40920,0.824466,5.1741,0.239503,3461,3,21,14.1137,1672,106,86,0.0133396,0.0111195,6.38479,0.0122306,0.0424201,0.000372562
Kirlik14-ILP_p-3_n-10_m-5_ins-4.dat,3,10,LP,depth,noOB,1,110,7.79856,49667,1.06244,6.07779,0.28615,3423,3,22,14.6466,1022,280,410,0.01206,0.0143086,7.59256,0.000550685,0.0140593,0.000337127
Kirlik14-ILP_p-3_n-10_m-5_ins-4.dat,3,10,WLP,breadth,coneOB,1,110,5.04562,28136,0.129758,4.18362,0.292302,2935,3,21,13.8263,1229,60,179,0.018515,0.00829012,4.73625,0.00102937,0.102976,0.000825561
Kirlik14-ILP_p-3_n-10_m-5_ins-4.dat,3,10,WLP,breadth,fullOB,1,110,5.39381,28731,0.131668,4.49263,0.292321,3231,3,21,13.8543,1472,62,195,0.0178823,0.0078475,5.0589,0.00474118,0.109777,0.000897492
Kirlik14-ILP_p-3_n-10_m-5_ins-4.dat,3,10,WLP,breadth,noOB,1,110,5.54257,30983,0.164048,4.6553,0.316134,3119,3,22,14.159,910,183,467,0.00927642,0.00987148,5.26378,0.000542813,0.0888972,0.000801082
Kirlik14-ILP_p-3_n-10_m-5_ins-4.dat,3,10,WLP,depth,coneOB,1,110,5.18299,27797,0.137346,4.32324,0.26568,3091,3,21,14.2646,1340,107,99,0.0150858,0.00915119,4.85864,0.00162085,0.104321,0.000351965
Kirlik14-ILP_p-3_n-10_m-5_ins-4.dat,3,10,WLP,depth,fullOB,1,110,5.21789,28187,0.135533,4.31179,0.27115,3463,3,21,14.1164,1673,106,86,0.0144735,0.00993991,4.86271,0.0125954,0.114858,0.000411394
Kirlik14-ILP_p-3_n-10_m-5_ins-4.dat,3,10,WLP,depth,noOB,1,110,6.34188,31410,0.185365,5.36452,0.30876,3423,3,22,14.6466,1022,280,410,0.0157433,0.011482,6.02049,0.000648124,0.0911866,0.000384478
Kirlik14-ILP_p-3_n-10_m-5_ins-5.dat,3,10,LP,breadth,coneOB,1,64,3.43261,20761,0.382827,2.76073,0.127023,1437,3,19,13.2281,629,19,71,0.00506811,0.00456639,3.34292,0.000390897,0.0101766,0.000253787
Kirlik14-ILP_p-3_n-10_m-5_ins-5.dat,3,10,LP,breadth,fullOB,1,64,3.80787,22240,0.438692,3.03189,0.131209,1767,3,19,12.9805,870,18,88,0.0050776,0.00451919,3.68503,0.002129,0.0116168,0.000298257
Kirlik14-ILP_p-3_n-10_m-5_ins-5.dat,3,10,LP,breadth,noOB,1,64,3.82732,22526,0.458013,3.07861,0.13396,1445,3,19,13.3499,488,87,148,0.00211802,0.00541109,3.74439,0.000220382,0.00655894,0.000204817
Kirlik14-ILP_p-3_n-10_m-5_ins-5.dat,3,10,LP,depth,coneOB,1,64,2.84963,16839,0.312259,2.29781,0.104652,1181,3,19,13.2893,535,24,32,0.00348409,0.0032134,2.7705,0.000365519,0.0088868,0.000141796
Kirlik14-ILP_p-3_n-10_m-5_ins-5.dat,3,10,LP,depth,fullOB,1,64,3.05021,17796,0.351238,2.4345,0.104929,1479,3,19,12.3223,770,21,28,0.00350689,0.00340139,2.95565,0.00340706,0.0111807,0.000166991
Kirlik14-ILP_p-3_n-10_m-5_ins-5.dat,3,10,LP,depth,noOB,1,64,3.2712,19419,0.396358,2.61836,0.117612,1249,3,19,13.4608,411,95,119,0.00235752,0.0047131,3.19692,0.000211006,0.00540259,0.00014981
Kirlik14-ILP_p-3_n-10_m-5_ins-5.dat,3,10,WLP,breadth,coneOB,1,64,2.46223,13952,0.0616242,2.04245,0.140647,1431,3,19,13.2095,626,19,71,0.00528212,0.00381269,2.30904,0.000393405,0.0461999,0.000461306
Kirlik14-ILP_p-3_n-10_m-5_ins-5.dat,3,10,WLP,breadth,fullOB,1,64,2.75015,15531,0.0619268,2.2806,0.152701,1765,3,19,12.9744,869,18,88,0.00585248,0.00407101,2.57169,0.00209729,0.0541672,0.000493716
Kirlik14-ILP_p-3_n-10_m-5_ins-5.dat,3,10,WLP,breadth,noOB,1,64,2.63862,14166,0.0726959,2.21953,0.147181,1445,3,19,13.3499,488,87,148,0.0024456,0.00419212,2.50061,0.000297608,0.0426808,0.00033841
Kirlik14-ILP_p-3_n-10_m-5_ins-5.dat,3,10,WLP,depth,coneOB,1,64,2.02182,11354,0.0476971,1.70113,0.11271,1177,3,19,13.2699,533,24,32,0.00363349,0.00275631,1.91128,0.000350561,0.0371089,0.000167377
Kirlik14-ILP_p-3_n-10_m-5_ins-5.dat,3,10,WLP,depth,fullOB,1,64,2.26986,12513,0.0533415,1.8801,0.121659,1475,3,19,12.3076,767,21,28,0.00387959,0.0031593,2.11616,0.0037545,0.0484516,0.000193531
Kirlik14-ILP_p-3_n-10_m-5_ins-5.dat,3,10,WLP,depth,noOB,1,64,2.21063,12228,0.0561643,1.85554,0.122197,1249,3,19,13.4608,411,95,119,0.00290638,0.00345574,2.09335,0.000207618,0.0359576,0.000170495
Kirlik14-ILP_p-3_n-10_m-5_ins-6.dat,3,10,LP,breadth,coneOB,1,2,0.237187,1245,0.0519206,0.164151,0.00656871,127,2,12,7.54688,34,3,27,0.000113907,0.000188706,0.22856,2.1287e-05,0.000641504,1.7801e-05
Kirlik14-ILP_p-3_n-10_m-5_ins-6.dat,3,10,LP,breadth,fullOB,1,2,0.222695,1245,0.0473954,0.153164,0.00584412,127,2,12,7.54688,34,3,27,6.4697e-05,0.000145398,0.211395,7.2504e-05,0.000512298,1.5501e-05
Kirlik14-ILP_p-3_n-10_m-5_ins-6.dat,3,10,LP,breadth,noOB,1,2,0.236109,1312,0.0530785,0.161561,0.00651641,127,2,12,7.54688,26,4,34,8.6195e-05,0.000161296,0.226625,3.0103e-05,0.000470508,1.4903e-05
Kirlik14-ILP_p-3_n-10_m-5_ins-6.dat,3,10,LP,depth,coneOB,1,2,0.26149,1448,0.0552386,0.182988,0.00691247,169,2,14,8.89412,58,5,22,7.2899e-05,0.000212403,0.251376,2.3194e-05,0.000602505,1.5097e-05
Kirlik14-ILP_p-3_n-10_m-5_ins-6.dat,3,10,LP,depth,fullOB,1,2,0.280844,1448,0.0618911,0.195422,0.00684258,169,2,14,8.89412,58,5,22,9.8904e-05,0.000212491,0.27123,0.000130402,0.000674098,2.1292e-05
Kirlik14-ILP_p-3_n-10_m-5_ins-6.dat,3,10,LP,depth,noOB,1,2,0.298273,1677,0.0706134,0.201403,0.0075417,181,2,14,9.04396,44,8,39,5.4909e-05,0.000220999,0.286823,3.3198e-05,0.000601395,1.6983e-05
Kirlik14-ILP_p-3_n-10_m-5_ins-6.dat,3,10,WLP,breadth,coneOB,1,2,0.207804,1065,0.0090075,0.17364,0.00913386,127,2,12,7.54688,34,3,27,7.3696e-05,0.00014179,0.196982,1.5496e-05,0.00221469,2.0705e-05
Kirlik14-ILP_p-3_n-10_m-5_ins-6.dat,3,10,WLP,breadth,fullOB,1,2,0.232424,1062,0.0123134,0.191347,0.00967102,129,2,12,7.62121,38,2,26,0.000101299,0.00019171,0.219297,0.000108894,0.0027592,2.7913e-05
Kirlik14-ILP_p-3_n-10_m-5_ins-6.dat,3,10,WLP,breadth,noOB,1,2,0.213658,1114,0.0104329,0.171157,0.00974831,127,2,12,7.54688,26,4,34,5.5605e-05,0.000175303,0.196529,2.1695e-05,0.0021659,1.951e-05
Kirlik14-ILP_p-3_n-10_m-5_ins-6.dat,3,10,WLP,depth,coneOB,1,2,0.238798,1209,0.0108977,0.195085,0.0102721,169,2,14,8.89412,58,5,22,8.0395e-05,0.000204896,0.2228,2.4994e-05,0.00299949,1.8887e-05
Kirlik14-ILP_p-3_n-10_m-5_ins-6.dat,3,10,WLP,depth,fullOB,1,2,0.239075,1206,0.0098441,0.195301,0.00947978,171,2,14,8.91954,62,4,21,7.6607e-05,0.000252298,0.221117,0.000138099,0.0035535,1.7103e-05
Kirlik14-ILP_p-3_n-10_m-5_ins-6.dat,3,10,WLP,depth,noOB,1,2,0.292593,1389,0.0136206,0.243009,0.0119175,181,2,14,9.04396,44,8,39,6.1907e-05,0.000258902,0.27702,3.26e-05,0.0032158,2.2892e-05
Kirlik14-ILP_p-3_n-10_m-5_ins-7.dat,3,10,LP,breadth,coneOB,1,30,1.85977,10408,0.321506,1.37611,0.0552795,1079,2,21,13.6056,455,36,49,0.0014801,0.00167731,1.79832,0.000197906,0.0051044,0.000188167
Kirlik14-ILP_p-3_n-10_m-5_ins-7.dat,3,10,LP,breadth,fullOB,1,30,1.80858,10346,0.311229,1.32239,0.053171,1131,2,21,13.5111,507,36,42,0.0014776,0.0016197,1.73528,0.00100652,0.0052869,0.000183017
Kirlik14-ILP_p-3_n-10_m-5_ins-7.dat,3,10,LP,breadth,noOB,1,30,2.15953,13076,0.374502,1.61224,0.067226,1151,2,21,13.7361,357,56,163,0.000827287,0.0018028,2.09974,0.000196192,0.0042388,0.000147891
Kirlik14-ILP_p-3_n-10_m-5_ins-7.dat,3,10,LP,depth,coneOB,1,30,1.63396,8963,0.285693,1.20786,0.0460866,937,2,21,13.6013,398,36,35,0.0013017,0.001382,1.57716,0.00023668,0.00540569,8.7796e-05
Kirlik14-ILP_p-3_n-10_m-5_ins-7.dat,3,10,LP,depth,fullOB,1,30,1.59756,8825,0.281807,1.16956,0.0453604,997,2,21,13.3602,458,37,27,0.0013697,0.0014468,1.53566,0.00153389,0.00551308,9.1619e-05
Kirlik14-ILP_p-3_n-10_m-5_ins-7.dat,3,10,LP,depth,noOB,1,30,1.98215,10980,0.341801,1.47513,0.0582209,1005,2,21,13.9304,319,60,124,0.000998712,0.00168001,1.92022,0.000166192,0.00360888,8.9469e-05
Kirlik14-ILP_p-3_n-10_m-5_ins-7.dat,3,10,WLP,breadth,coneOB,1,30,1.46954,7549,0.044211,1.22754,0.0705186,1079,2,21,13.6056,455,36,49,0.00149078,0.00150979,1.38729,0.00021619,0.0242608,0.00027282
Kirlik14-ILP_p-3_n-10_m-5_ins-7.dat,3,10,WLP,breadth,fullOB,1,30,1.47519,7587,0.0418504,1.2189,0.0708227,1131,2,21,13.5111,507,36,42,0.00156368,0.00164851,1.37835,0.000978922,0.025562,0.000346876
Kirlik14-ILP_p-3_n-10_m-5_ins-7.dat,3,10,WLP,breadth,noOB,1,30,1.79842,9160,0.0636738,1.49843,0.090443,1151,2,21,13.7361,357,56,163,0.0011631,0.0021947,1.7021,0.000224286,0.0258935,0.000279639
Kirlik14-ILP_p-3_n-10_m-5_ins-7.dat,3,10,WLP,depth,coneOB,1,30,1.26212,6522,0.0407472,1.04508,0.057946,937,2,21,13.6013,398,36,35,0.00150627,0.00151602,1.18129,0.000229793,0.0211958,9.9516e-05
Kirlik14-ILP_p-3_n-10_m-5_ins-7.dat,3,10,WLP,depth,fullOB,1,30,1.23378,6477,0.0378473,1.02111,0.0558396,997,2,21,13.3602,458,37,27,0.00162742,0.00151239,1.15397,0.00163831,0.0232005,0.000133099
Kirlik14-ILP_p-3_n-10_m-5_ins-7.dat,3,10,WLP,depth,noOB,1,30,1.43954,7717,0.0459831,1.1962,0.0678567,1005,2,21,13.9304,319,60,124,0.00130478,0.0017154,1.3544,0.000185287,0.0204299,0.000112318
Kirlik14-ILP_p-3_n-10_m-5_ins-8.dat,3,10,LP,breadth,coneOB,1,307,13.2713,75873,1.73569,10.1597,0.448776,5943,2,24,16.2668,2431,148,393,0.0875403,0.0372565,12.6413,0.00524891,0.118188,0.00171949
Kirlik14-ILP_p-3_n-10_m-5_ins-8.dat,3,10,LP,breadth,fullOB,1,307,13.9365,79525,1.90784,10.4589,0.442712,7941,2,24,16.2959,4101,155,469,0.0974782,0.0375221,13.1619,0.0205452,0.156114,0.00228649
Kirlik14-ILP_p-3_n-10_m-5_ins-8.dat,3,10,LP,breadth,noOB,1,307,14.0841,85601,2.02616,10.8998,0.484739,6159,2,25,16.4987,1736,566,778,0.0332498,0.0386351,13.6768,0.00103972,0.0256384,0.000910996
Kirlik14-ILP_p-3_n-10_m-5_ins-8.dat,3,10,LP,depth,coneOB,1,307,11.7948,68879,1.56912,9.03969,0.398705,5639,2,25,16.3667,2378,210,232,0.0407268,0.0296566,11.2614,0.00611598,0.12425,0.000569692
Kirlik14-ILP_p-3_n-10_m-5_ins-8.dat,3,10,LP,depth,fullOB,1,307,13.3423,73410,1.86153,9.91316,0.420238,8175,2,25,15.7829,4500,201,159,0.0488905,0.0317898,12.5336,0.036202,0.201313,0.00096703
Kirlik14-ILP_p-3_n-10_m-5_ins-8.dat,3,10,LP,depth,noOB,1,307,13.5524,82796,2.01338,10.3471,0.471547,6077,2,25,16.8029,1673,683,683,0.0398799,0.0397869,13.1349,0.00108617,0.0274172,0.000637999
Kirlik14-ILP_p-3_n-10_m-5_ins-8.dat,3,10,WLP,breadth,coneOB,1,307,9.31791,51013,0.224777,7.58388,0.499482,5937,2,24,16.2688,2431,146,392,0.0847875,0.0303198,8.56838,0.00544593,0.239481,0.00179534
Kirlik14-ILP_p-3_n-10_m-5_ins-8.dat,3,10,WLP,breadth,fullOB,1,307,10.5736,55819,0.242197,8.43704,0.541352,7937,2,24,16.3025,4100,155,469,0.0990347,0.0314284,9.56248,0.0199642,0.322742,0.00265556
Kirlik14-ILP_p-3_n-10_m-5_ins-8.dat,3,10,WLP,breadth,noOB,1,307,9.82801,52885,0.296832,8.17396,0.529591,6159,2,25,16.4987,1736,566,778,0.0427778,0.0342627,9.24538,0.00116826,0.163508,0.00160506
Kirlik14-ILP_p-3_n-10_m-5_ins-8.dat,3,10,WLP,depth,coneOB,1,307,8.87082,46958,0.222974,7.27834,0.443325,5617,2,25,16.356,2366,211,232,0.043074,0.0258836,8.1895,0.00638513,0.242135,0.000786544
Kirlik14-ILP_p-3_n-10_m-5_ins-8.dat,3,10,WLP,depth,fullOB,1,307,10.5868,53077,0.272892,8.47994,0.490271,8165,2,25,15.7788,4490,206,159,0.0488133,0.02587,9.57014,0.0364664,0.362057,0.00111009
Kirlik14-ILP_p-3_n-10_m-5_ins-8.dat,3,10,WLP,depth,noOB,1,307,9.95241,51114,0.34073,8.27863,0.494922,6077,2,25,16.8029,1673,683,683,0.0480972,0.0313681,9.40404,0.00119973,0.153761,0.000728987
Kirlik14-ILP_p-3_n-10_m-5_ins-9.dat,3,10,LP,breadth,coneOB,1,14,1.45773,7888,0.213469,1.12729,0.0443572,647,3,17,10.9043,248,1,75,0.000474106,0.000963208,1.41493,8.5894e-05,0.00279462,7.0933e-05
Kirlik14-ILP_p-3_n-10_m-5_ins-9.dat,3,10,LP,breadth,fullOB,1,14,1.33659,7858,0.19457,1.03466,0.0437124,657,3,17,10.9343,260,1,74,0.000570614,0.0010126,1.30268,0.000328803,0.0029459,0.000105104
Kirlik14-ILP_p-3_n-10_m-5_ins-9.dat,3,10,LP,breadth,noOB,1,14,1.52422,8616,0.24003,1.17556,0.0473678,661,3,20,11.0453,191,15,125,0.000374976,0.0010226,1.49256,0.000118013,0.00279189,7.4092e-05
Kirlik14-ILP_p-3_n-10_m-5_ins-9.dat,3,10,LP,depth,coneOB,1,14,0.815374,4310,0.119223,0.6338,0.0242332,389,3,17,10.841,173,0,22,0.000544603,0.000669802,0.794286,0.000134494,0.00207749,3.9115e-05
Kirlik14-ILP_p-3_n-10_m-5_ins-9.dat,3,10,LP,depth,fullOB,1,14,0.76597,4158,0.110871,0.585883,0.0234993,389,3,17,10.5628,177,0,22,0.000432991,0.000621203,0.737043,0.0005887,0.00192019,4.1016e-05
Kirlik14-ILP_p-3_n-10_m-5_ins-9.dat,3,10,LP,depth,noOB,1,14,1.13285,5853,0.171208,0.862661,0.0343177,437,3,20,11.3014,121,20,78,0.000383516,0.00104031,1.09168,9.1799e-05,0.00217169,4.7191e-05
Kirlik14-ILP_p-3_n-10_m-5_ins-9.dat,3,10,WLP,breadth,coneOB,1,14,1.10735,5885,0.0193866,0.940671,0.0603593,647,3,17,10.9043,248,1,75,0.000534808,0.000931497,1.04894,8.4407e-05,0.0174613,0.0001852
Kirlik14-ILP_p-3_n-10_m-5_ins-9.dat,3,10,WLP,breadth,fullOB,1,14,1.05139,5884,0.0192193,0.888324,0.0574024,657,3,17,10.9343,260,1,74,0.000560495,0.000892689,0.992166,0.000327204,0.0170827,0.000197497
Kirlik14-ILP_p-3_n-10_m-5_ins-9.dat,3,10,WLP,breadth,noOB,1,14,1.15152,6327,0.023336,0.977606,0.0638502,661,3,20,11.0453,191,15,125,0.0003713,0.00100311,1.09284,0.000144107,0.0171649,0.000205191
Kirlik14-ILP_p-3_n-10_m-5_ins-9.dat,3,10,WLP,depth,coneOB,1,14,0.568195,3229,0.0176571,0.475259,0.0281856,389,3,17,10.841,173,0,22,0.000503607,0.000544699,0.536579,7.1495e-05,0.0090981,3.9898e-05
Kirlik14-ILP_p-3_n-10_m-5_ins-9.dat,3,10,WLP,depth,fullOB,1,14,0.636176,3113,0.0187771,0.538787,0.0300934,389,3,17,10.5628,177,0,22,0.000551787,0.000670014,0.604541,0.000524811,0.0100023,4.2708e-05
Kirlik14-ILP_p-3_n-10_m-5_ins-9.dat,3,10,WLP,depth,noOB,1,14,0.837141,4332,0.0249907,0.708696,0.0403168,437,3,20,11.3014,121,20,78,0.000495684,0.000836507,0.795396,8.1001e-05,0.0108953,4.7287e-05
Kirlik14-ILP_p-3_n-20_m-10_ins-1.dat,3,20,LP,breadth,coneOB,1,40,31.8862,171571,2.95402,26.3234,1.21776,9279,5,30,17.0752,4069,38,533,0.0269875,0.0214308,31.2736,0.00217256,0.0699838,0.00199286
Kirlik14-ILP_p-3_n-20_m-10_ins-1.dat,3,20,LP,breadth,fullOB,1,40,31.5831,167986,3.06758,25.8707,1.1554,9969,5,30,16.9401,4726,41,506,0.0265209,0.0204514,30.8963,0.0132487,0.0712201,0.00210602
Kirlik14-ILP_p-3_n-20_m-10_ins-1.dat,3,20,LP,breadth,noOB,1,40,37.9096,205941,3.49029,31.5521,1.41084,9797,5,29,17.315,3551,75,1273,0.0127928,0.0251472,37.2742,0.00205966,0.0597943,0.00177855
Kirlik14-ILP_p-3_n-20_m-10_ins-1.dat,3,20,LP,depth,coneOB,1,40,17.7534,94607,1.5793,14.784,0.63738,5027,5,30,16.9562,2283,52,179,0.0164556,0.0119544,17.4135,0.00169301,0.0430519,0.000504488
Kirlik14-ILP_p-3_n-20_m-10_ins-1.dat,3,20,LP,depth,fullOB,1,40,18.2379,91189,1.72487,15.0331,0.612859,5903,5,30,16.0739,3056,52,124,0.0171493,0.0120114,17.827,0.0148711,0.051682,0.00063002
Kirlik14-ILP_p-3_n-20_m-10_ins-1.dat,3,20,LP,depth,noOB,1,40,24.5368,126317,2.19725,20.5577,0.876031,5729,5,30,17.5644,2011,109,745,0.0104779,0.0172777,24.1676,0.00136225,0.0354352,0.000669231
Kirlik14-ILP_p-3_n-20_m-10_ins-1.dat,3,20,WLP,breadth,coneOB,1,40,25.7441,127038,0.471648,22.2104,1.34544,9275,5,30,17.0755,4067,38,533,0.0245858,0.0206553,24.7511,0.0020204,0.354528,0.0028844
Kirlik14-ILP_p-3_n-20_m-10_ins-1.dat,3,20,WLP,breadth,fullOB,1,40,26.9311,125978,0.531247,23.249,1.33865,9967,5,30,16.9404,4726,41,505,0.0251243,0.0208933,25.9057,0.0133214,0.372237,0.00320259
Kirlik14-ILP_p-3_n-20_m-10_ins-1.dat,3,20,WLP,breadth,noOB,1,40,35.0838,147420,0.703494,30.0978,1.90738,9797,5,29,17.315,3551,75,1273,0.0197866,0.0323054,33.7192,0.00274615,0.453333,0.00404451
Kirlik14-ILP_p-3_n-20_m-10_ins-1.dat,3,20,WLP,depth,coneOB,1,40,27.982,70535,0.455547,24.3891,1.4658,5027,5,30,16.9562,2283,52,179,0.0335309,0.0242511,27.1235,0.00305308,0.381,0.0012434
Kirlik14-ILP_p-3_n-20_m-10_ins-1.dat,3,20,WLP,depth,fullOB,1,40,28.4365,69460,0.467195,24.7159,1.41436,5903,5,30,16.0739,3056,52,124,0.0337967,0.0226479,27.4704,0.0298377,0.423644,0.00147171
Kirlik14-ILP_p-3_n-20_m-10_ins-1.dat,3,20,WLP,depth,noOB,1,40,36.8852,89657,0.613076,32.484,1.90222,5729,5,30,17.5644,2011,109,745,0.0232629,0.0318838,36.0118,0.00234306,0.421003,0.00140292
Kirlik14-ILP_p-3_n-20_m-10_ins-10.dat,3,20,LP,breadth,coneOB,1,31,65.2729,165953,4.25218,56.7214,2.545,5981,4,29,16.6473,2543,11,437,0.0214861,0.0403572,64.7621,0.00209452,0.0974538,0.00201898
Kirlik14-ILP_p-3_n-20_m-10_ins-10.dat,3,20,LP,breadth,fullOB,1,31,66.3186,162335,4.5222,57.4565,2.50403,6437,4,29,16.6942,2940,13,428,0.0221268,0.0399588,65.7761,0.0113693,0.100851,0.00230506
Kirlik14-ILP_p-3_n-20_m-10_ins-10.dat,3,20,LP,breadth,noOB,1,31,78.3476,198551,5.02188,68.3325,3.09116,6265,4,30,16.9224,2171,49,913,0.013225,0.050059,77.7821,0.00273861,0.101341,0.00228965
Kirlik14-ILP_p-3_n-20_m-10_ins-10.dat,3,20,LP,depth,coneOB,1,31,38.3269,95842,2.5324,33.2143,1.4852,3771,4,29,16.5387,1754,12,120,0.0209144,0.0248487,37.9905,0.00193382,0.0689962,0.000865363
Kirlik14-ILP_p-3_n-20_m-10_ins-10.dat,3,20,LP,depth,fullOB,1,31,35.4237,89778,2.54017,30.4107,1.35088,4283,4,29,15.846,2233,12,86,0.0207379,0.0227609,35.0717,0.0163433,0.0714147,0.000949961
Kirlik14-ILP_p-3_n-20_m-10_ins-10.dat,3,20,LP,depth,noOB,1,31,56.0421,137733,3.59446,48.89,2.16101,4283,4,30,17.218,1446,75,621,0.0145755,0.0359317,55.651,0.00178293,0.0681918,0.0010261
Kirlik14-ILP_p-3_n-20_m-10_ins-10.dat,3,20,WLP,breadth,coneOB,1,31,52.4833,123508,0.586795,46.6265,2.94592,5979,4,29,16.6452,2542,11,437,0.0229555,0.0407442,51.2914,0.00211559,0.659519,0.00364377
Kirlik14-ILP_p-3_n-20_m-10_ins-10.dat,3,20,WLP,breadth,fullOB,1,31,49.508,121834,0.566091,43.6321,2.89371,6437,4,29,16.6942,2940,13,428,0.0227382,0.039672,48.2575,0.0111047,0.680024,0.00392851
Kirlik14-ILP_p-3_n-20_m-10_ins-10.dat,3,20,WLP,breadth,noOB,1,31,64.5172,142526,0.736563,57.1509,3.855,6265,4,30,16.9224,2171,49,913,0.0179522,0.0565141,63.0735,0.00299003,0.792682,0.00456534
Kirlik14-ILP_p-3_n-20_m-10_ins-10.dat,3,20,WLP,depth,coneOB,1,31,30.2464,71868,0.364441,26.8495,1.63677,3767,4,29,16.5345,1752,12,120,0.0229141,0.0245041,29.5377,0.00192457,0.379253,0.00108933
Kirlik14-ILP_p-3_n-20_m-10_ins-10.dat,3,20,WLP,depth,fullOB,1,31,28.8173,68307,0.395343,25.4009,1.53787,4283,4,29,15.8447,2233,12,86,0.0216429,0.0219725,28.057,0.016503,0.400593,0.00124492
Kirlik14-ILP_p-3_n-20_m-10_ins-10.dat,3,20,WLP,depth,noOB,1,31,41.0441,98847,0.483656,36.5533,2.29826,4283,4,30,17.218,1446,75,621,0.0186542,0.0332676,40.2263,0.00182564,0.446785,0.00125882
Kirlik14-ILP_p-3_n-20_m-10_ins-2.dat,3,20,LP,breadth,coneOB,1,18,20.1343,51970,2.17958,16.5386,0.657926,3303,3,26,16.0835,1412,7,233,0.0093007,0.0120487,19.9148,0.0011803,0.0382487,0.00102969
Kirlik14-ILP_p-3_n-20_m-10_ins-2.dat,3,20,LP,breadth,fullOB,1,18,20.1676,51198,2.20308,16.5466,0.656627,3385,3,26,16.0923,1514,7,223,0.00923788,0.0116257,19.9453,0.00697321,0.0377648,0.00112564
Kirlik14-ILP_p-3_n-20_m-10_ins-2.dat,3,20,LP,breadth,noOB,1,18,24.0776,61568,2.7337,19.7405,0.793684,3587,3,26,16.3779,1210,24,560,0.00555935,0.0150766,23.8388,0.00147809,0.0390845,0.00125695
Kirlik14-ILP_p-3_n-20_m-10_ins-2.dat,3,20,LP,depth,coneOB,1,18,7.9102,20144,0.763537,6.59727,0.265928,1163,3,25,14.6443,525,3,54,0.00360131,0.00479668,7.82423,0.000459709,0.0149539,0.000291518
Kirlik14-ILP_p-3_n-20_m-10_ins-2.dat,3,20,LP,depth,fullOB,1,18,7.14911,18047,0.766685,5.86771,0.225024,1331,3,25,13.4559,708,3,26,0.00298719,0.0041171,7.06139,0.0029059,0.0151651,0.000320118
Kirlik14-ILP_p-3_n-20_m-10_ins-2.dat,3,20,LP,depth,noOB,1,18,10.5145,27705,1.10029,8.70019,0.361228,1329,3,26,15.6737,357,21,287,0.0026687,0.00687548,10.4165,0.000548979,0.0150042,0.000343896
Kirlik14-ILP_p-3_n-20_m-10_ins-2.dat,3,20,WLP,breadth,coneOB,1,18,14.6383,34693,0.289034,12.5993,0.766893,3303,3,26,16.0835,1412,7,233,0.0103847,0.0121384,14.1708,0.00117241,0.220098,0.00192706
Kirlik14-ILP_p-3_n-20_m-10_ins-2.dat,3,20,WLP,breadth,fullOB,1,18,9.92482,34451,0.180985,8.56913,0.507977,3385,3,26,16.0923,1514,7,223,0.00607217,0.00806061,9.5737,0.00437171,0.151468,0.00110901
Kirlik14-ILP_p-3_n-20_m-10_ins-2.dat,3,20,WLP,breadth,noOB,1,18,7.77468,39914,0.170189,6.67196,0.412976,3587,3,26,16.3779,1210,24,560,0.00322369,0.00695308,7.49804,0.000718481,0.118413,0.0010752
Kirlik14-ILP_p-3_n-20_m-10_ins-2.dat,3,20,WLP,depth,coneOB,1,18,2.67712,13958,0.0531794,2.31467,0.138117,1163,3,25,14.6443,525,3,54,0.0018677,0.00230769,2.5879,0.000229278,0.0376874,0.000181026
Kirlik14-ILP_p-3_n-20_m-10_ins-2.dat,3,20,WLP,depth,fullOB,1,18,2.56093,13145,0.0519211,2.19341,0.127683,1329,3,25,13.4402,707,3,26,0.00171379,0.00203219,2.46315,0.001523,0.040417,0.000217782
Kirlik14-ILP_p-3_n-20_m-10_ins-2.dat,3,20,WLP,depth,noOB,1,18,3.67503,18262,0.0858594,3.19684,0.181182,1329,3,26,15.6737,357,21,287,0.00175868,0.00299083,3.56962,0.000305598,0.0437158,0.000222492
Kirlik14-ILP_p-3_n-20_m-10_ins-3.dat,3,20,LP,breadth,coneOB,1,141,39.6581,194930,3.70644,32.9793,1.36797,10759,2,33,20.0359,4649,59,672,0.066821,0.0331108,39.005,0.00399357,0.114431,0.00284563
Kirlik14-ILP_p-3_n-20_m-10_ins-3.dat,3,20,LP,breadth,fullOB,1,141,38.0179,194924,3.76181,31.2302,1.27724,12665,2,32,20.1305,6176,50,738,0.0659969,0.0318492,37.2796,0.0195203,0.121972,0.00317229
Kirlik14-ILP_p-3_n-20_m-10_ins-3.dat,3,20,LP,breadth,noOB,1,141,42.9909,234552,4.08794,35.8639,1.51401,11655,2,33,20.4942,4082,201,1545,0.0338744,0.0404007,42.4018,0.00240229,0.0701234,0.00208586
Kirlik14-ILP_p-3_n-20_m-10_ins-3.dat,3,20,LP,depth,coneOB,1,141,28.3333,148074,2.69386,23.4456,0.931619,8407,2,33,21.0814,3728,101,375,0.0712771,0.0290743,27.7455,0.00672352,0.134142,0.000885354
Kirlik14-ILP_p-3_n-20_m-10_ins-3.dat,3,20,LP,depth,fullOB,1,141,28.9335,148420,3.01287,23.3455,0.916387,11267,2,33,20.2897,6066,95,322,0.0812836,0.0424194,28.1083,0.0521564,0.186009,0.00140717
Kirlik14-ILP_p-3_n-20_m-10_ins-3.dat,3,20,LP,depth,noOB,1,141,35.9778,187107,3.52954,29.9274,1.18335,9475,2,34,21.6596,3170,365,1203,0.0595906,0.0429051,35.4744,0.0019238,0.0550016,0.00102488
Kirlik14-ILP_p-3_n-20_m-10_ins-3.dat,3,20,WLP,breadth,coneOB,1,141,27.8617,136254,0.478943,24.0365,1.46368,10765,2,33,20.042,4653,61,669,0.0576141,0.0290773,26.8174,0.00374057,0.448295,0.00339439
Kirlik14-ILP_p-3_n-20_m-10_ins-3.dat,3,20,WLP,breadth,fullOB,1,141,31.9075,139141,0.629804,27.2069,1.64559,12673,2,32,20.1365,6182,52,734,0.0733277,0.0317472,30.5727,0.0218474,0.5927,0.00501604
Kirlik14-ILP_p-3_n-20_m-10_ins-3.dat,3,20,WLP,breadth,noOB,1,141,30.7563,155239,0.568782,26.6526,1.66849,11655,2,33,20.4966,4082,201,1545,0.0373864,0.0354843,29.7187,0.0024298,0.44059,0.00359796
Kirlik14-ILP_p-3_n-20_m-10_ins-3.dat,3,20,WLP,depth,coneOB,1,141,21.9512,104909,0.407771,18.9461,1.07213,8421,2,33,21.0902,3735,102,374,0.0715901,0.0273085,21.0785,0.00721634,0.371146,0.0011317
Kirlik14-ILP_p-3_n-20_m-10_ins-3.dat,3,20,WLP,depth,fullOB,1,141,22.8368,108792,0.441487,19.2852,1.11418,11295,2,33,20.2961,6080,97,321,0.0792181,0.0268401,21.6613,0.0534189,0.484993,0.00163336
Kirlik14-ILP_p-3_n-20_m-10_ins-3.dat,3,20,WLP,depth,noOB,1,141,25.3954,123325,0.517228,22.0754,1.2429,9475,2,34,21.6627,3170,365,1203,0.0591177,0.0322457,24.5976,0.00183664,0.313488,0.0011007
Kirlik14-ILP_p-3_n-20_m-10_ins-4.dat,3,20,LP,breadth,coneOB,1,26,5.66451,28845,0.693549,4.52583,0.183042,2141,1,27,17.9701,946,13,112,0.00328478,0.00413971,5.5667,0.000476906,0.0117364,0.000349094
Kirlik14-ILP_p-3_n-20_m-10_ins-4.dat,3,20,LP,breadth,fullOB,1,26,6.35648,28908,0.734758,5.14809,0.196203,2213,1,27,17.986,1011,13,117,0.00308202,0.0040802,6.2517,0.0021776,0.0126978,0.000397146
Kirlik14-ILP_p-3_n-20_m-10_ins-4.dat,3,20,LP,breadth,noOB,1,26,5.83004,30436,0.719409,4.6831,0.182615,2165,1,27,18.0111,854,43,186,0.00129641,0.0041951,5.73334,0.000482383,0.0107011,0.000326814
Kirlik14-ILP_p-3_n-20_m-10_ins-4.dat,3,20,LP,depth,coneOB,1,26,3.71124,19291,0.43544,2.97428,0.118866,1433,1,28,18.417,663,20,34,0.0031225,0.00316617,3.63723,0.000395627,0.0094965,0.000166474
Kirlik14-ILP_p-3_n-20_m-10_ins-4.dat,3,20,LP,depth,fullOB,1,26,3.73619,19128,0.437911,2.98872,0.119643,1493,1,28,18.2429,718,20,32,0.0034232,0.00295089,3.65545,0.0035595,0.0114145,0.000190215
Kirlik14-ILP_p-3_n-20_m-10_ins-4.dat,3,20,LP,depth,noOB,1,26,4.25798,22815,0.525748,3.39993,0.136312,1601,1,27,18.6242,616,62,123,0.0016678,0.00368832,4.1854,0.000313714,0.00770849,0.00020006
Kirlik14-ILP_p-3_n-20_m-10_ins-4.dat,3,20,WLP,breadth,coneOB,1,26,4.01917,19294,0.0849593,3.42277,0.199165,2139,1,27,17.9692,945,13,112,0.0031325,0.0036896,3.85784,0.000432433,0.0622495,0.000591183
Kirlik14-ILP_p-3_n-20_m-10_ins-4.dat,3,20,WLP,breadth,fullOB,1,26,4.01511,19498,0.0900165,3.40991,0.197023,2211,1,27,17.9895,1009,13,117,0.0031297,0.00365161,3.8479,0.00199562,0.0633592,0.000648098
Kirlik14-ILP_p-3_n-20_m-10_ins-4.dat,3,20,WLP,breadth,noOB,1,26,5.05603,20072,0.119994,4.29221,0.268732,2165,1,27,18.0111,854,43,186,0.00190517,0.00504821,4.86249,0.000529492,0.0840874,0.000731698
Kirlik14-ILP_p-3_n-20_m-10_ins-4.dat,3,20,WLP,depth,coneOB,1,26,2.77293,13252,0.0584753,2.37758,0.132772,1433,1,28,18.417,663,20,34,0.00329871,0.00282918,2.66505,0.00042337,0.0398941,0.000192882
Kirlik14-ILP_p-3_n-20_m-10_ins-4.dat,3,20,WLP,depth,fullOB,1,26,2.77117,13253,0.0665743,2.37125,0.125764,1493,1,28,18.2429,718,20,32,0.00308271,0.00273008,2.66258,0.0033342,0.0402619,0.000228478
Kirlik14-ILP_p-3_n-20_m-10_ins-4.dat,3,20,WLP,depth,noOB,1,26,2.99256,15148,0.0639613,2.55546,0.148927,1601,1,27,18.6242,616,62,123,0.00212148,0.00343892,2.88155,0.000385497,0.042655,0.000181834
Kirlik14-ILP_p-3_n-20_m-10_ins-5.dat,3,20,LP,breadth,coneOB,1,7,2.70714,14056,0.429922,2.06787,0.0759958,1177,2,25,13.5789,451,13,125,0.000779925,0.0016466,2.65652,0.000153577,0.00524382,0.000164978
Kirlik14-ILP_p-3_n-20_m-10_ins-5.dat,3,20,LP,breadth,fullOB,1,7,2.62924,14010,0.413423,2.0161,0.0735694,1179,2,25,13.57,457,13,123,0.000639597,0.00155649,2.58274,0.00068988,0.004953,0.000154702
Kirlik14-ILP_p-3_n-20_m-10_ins-5.dat,3,20,LP,breadth,noOB,1,7,3.06486,15128,0.492489,2.36175,0.0823462,1183,2,25,13.6267,378,17,197,0.000456809,0.00184062,3.01802,0.000252287,0.00538899,0.000168389
Kirlik14-ILP_p-3_n-20_m-10_ins-5.dat,3,20,LP,depth,coneOB,1,7,0.861013,4269,0.142888,0.641875,0.0226492,453,2,27,13.815,214,1,12,0.000215389,0.000567206,0.837519,6.6196e-05,0.00219721,4.3707e-05
Kirlik14-ILP_p-3_n-20_m-10_ins-5.dat,3,20,LP,depth,fullOB,1,7,0.83185,4270,0.143637,0.612667,0.0219089,455,2,27,13.7729,216,1,12,0.000244499,0.000567291,0.807887,0.0002825,0.0021493,5.1917e-05
Kirlik14-ILP_p-3_n-20_m-10_ins-5.dat,3,20,LP,depth,noOB,1,7,1.06265,5317,0.192607,0.788082,0.0266299,489,2,27,14.2653,178,7,60,0.000317313,0.000749694,1.04315,8.2389e-05,0.00206489,5.7898e-05
Kirlik14-ILP_p-3_n-20_m-10_ins-5.dat,3,20,WLP,breadth,coneOB,1,7,2.42264,11512,0.0533172,2.09993,0.111457,1177,2,25,13.5789,451,13,125,0.000841699,0.00168046,2.34688,0.000148534,0.0278178,0.000342692
Kirlik14-ILP_p-3_n-20_m-10_ins-5.dat,3,20,WLP,breadth,fullOB,1,7,2.43504,11487,0.0554395,2.10431,0.109385,1179,2,25,13.57,457,13,123,0.000853406,0.0017483,2.35272,0.000756516,0.0277948,0.000332961
Kirlik14-ILP_p-3_n-20_m-10_ins-5.dat,3,20,WLP,breadth,noOB,1,7,2.53568,12274,0.0616777,2.19283,0.11616,1183,2,25,13.6267,378,17,197,0.000518771,0.00179132,2.45222,0.00020831,0.0287262,0.000303305
Kirlik14-ILP_p-3_n-20_m-10_ins-5.dat,3,20,WLP,depth,coneOB,1,7,0.694981,3316,0.0249557,0.579496,0.0282478,453,2,27,13.815,214,1,12,0.00027731,0.000571119,0.662961,6.6291e-05,0.00975341,6.0196e-05
Kirlik14-ILP_p-3_n-20_m-10_ins-5.dat,3,20,WLP,depth,fullOB,1,7,0.717497,3324,0.0231244,0.605266,0.0279347,455,2,27,13.7729,216,1,12,0.000287498,0.000556295,0.684527,0.000306403,0.0091392,5.271e-05
Kirlik14-ILP_p-3_n-20_m-10_ins-5.dat,3,20,WLP,depth,noOB,1,7,0.860171,4170,0.0289686,0.729949,0.0354568,489,2,27,14.2653,178,7,60,0.000272612,0.000661989,0.829776,8.8802e-05,0.00943869,5.7595e-05
Kirlik14-ILP_p-3_n-20_m-10_ins-6.dat,3,20,LP,breadth,coneOB,1,46,22.6755,114498,2.03677,19.0345,0.782051,5905,2,30,19.003,2560,24,369,0.0163607,0.0145945,22.3592,0.00120549,0.0449147,0.00113375
Kirlik14-ILP_p-3_n-20_m-10_ins-6.dat,3,20,LP,breadth,fullOB,1,46,23.3402,109489,2.14424,19.6366,0.733197,6143,2,30,18.9223,2856,23,327,0.0154656,0.0135601,23.025,0.0060666,0.0448025,0.00139276
Kirlik14-ILP_p-3_n-20_m-10_ins-6.dat,3,20,LP,breadth,noOB,1,46,29.3031,147971,2.6625,24.7186,1.0297,6341,2,32,19.3195,1964,56,1151,0.010604,0.0196971,28.9745,0.00147412,0.042174,0.00140057
Kirlik14-ILP_p-3_n-20_m-10_ins-6.dat,3,20,LP,depth,coneOB,1,46,15.2028,78529,1.36847,12.768,0.50564,4247,2,31,19.1685,1912,14,198,0.0152695,0.0108331,14.9798,0.00139139,0.0381512,0.0004479
Kirlik14-ILP_p-3_n-20_m-10_ins-6.dat,3,20,LP,depth,fullOB,1,46,14.1866,74838,1.33871,11.7695,0.481086,4501,2,31,18.7169,2212,12,157,0.0147798,0.0104564,13.9372,0.0100999,0.0399905,0.000492328
Kirlik14-ILP_p-3_n-20_m-10_ins-6.dat,3,20,LP,depth,noOB,1,46,20.5016,106861,1.9327,17.1369,0.71703,4913,2,32,19.8311,1546,78,833,0.0155207,0.0164823,20.2505,0.000967489,0.0304171,0.000604733
Kirlik14-ILP_p-3_n-20_m-10_ins-6.dat,3,20,WLP,breadth,coneOB,1,46,18.1,84830,0.292978,15.8133,0.94726,5907,2,30,19.0054,2561,24,369,0.017377,0.0142479,17.5399,0.00119429,0.247144,0.00210815
Kirlik14-ILP_p-3_n-20_m-10_ins-6.dat,3,20,WLP,breadth,fullOB,1,46,18.0656,81589,0.301773,15.6871,0.950504,6145,2,30,18.9245,2857,23,327,0.018541,0.0147015,17.4678,0.00663071,0.262433,0.00214407
Kirlik14-ILP_p-3_n-20_m-10_ins-6.dat,3,20,WLP,breadth,noOB,1,46,23.6839,105629,0.39807,20.8102,1.29631,6341,2,32,19.3195,1964,56,1151,0.0141959,0.020317,23.0541,0.00198804,0.290522,0.00234068
Kirlik14-ILP_p-3_n-20_m-10_ins-6.dat,3,20,WLP,depth,coneOB,1,46,13.4405,57799,0.222236,11.7429,0.675134,4245,2,31,19.17,1911,14,198,0.0176859,0.0117035,13.0116,0.00153268,0.180059,0.000612931
Kirlik14-ILP_p-3_n-20_m-10_ins-6.dat,3,20,WLP,depth,fullOB,1,46,13.0032,55676,0.231156,11.3275,0.632337,4501,2,31,18.7183,2213,12,157,0.0167377,0.0111032,12.5651,0.0108764,0.187345,0.000644285
Kirlik14-ILP_p-3_n-20_m-10_ins-6.dat,3,20,WLP,depth,noOB,1,46,16.9269,75522,0.308913,14.8092,0.872117,4913,2,32,19.8311,1546,78,833,0.018414,0.0157396,16.4644,0.00113797,0.195428,0.00072945
Kirlik14-ILP_p-3_n-20_m-10_ins-7.dat,3,20,LP,breadth,coneOB,1,33,123.262,575785,9.93504,104.938,4.65193,23345,6,33,17.4714,8785,22,2866,0.0661673,0.0745942,121.901,0.00477412,0.19367,0.00587544
Kirlik14-ILP_p-3_n-20_m-10_ins-7.dat,3,20,LP,breadth,fullOB,1,33,115.362,556824,9.76011,97.6547,4.18002,25415,6,33,17.4867,10690,21,2776,0.0557949,0.0684116,113.964,0.0247533,0.190964,0.00624827
Kirlik14-ILP_p-3_n-20_m-10_ins-7.dat,3,20,LP,breadth,noOB,1,33,150.807,762303,11.8233,129.293,5.86317,23727,6,33,17.5952,5109,69,6686,0.0328232,0.0942937,149.398,0.00523078,0.181256,0.00565502
Kirlik14-ILP_p-3_n-20_m-10_ins-7.dat,3,20,LP,depth,coneOB,1,33,49.769,244816,4.23677,42.2135,1.64328,11661,5,33,17.5397,5139,26,666,0.0298965,0.0316506,49.1402,0.00302526,0.100996,0.00120932
Kirlik14-ILP_p-3_n-20_m-10_ins-7.dat,3,20,LP,depth,fullOB,1,33,47.7599,233098,4.31517,40.0585,1.57721,12985,5,33,17.1661,6398,24,500,0.0309338,0.0304626,47.069,0.0245487,0.107211,0.00149463
Kirlik14-ILP_p-3_n-20_m-10_ins-7.dat,3,20,LP,depth,noOB,1,33,77.2976,392776,6.12083,66.1815,2.84769,12685,5,34,18.0646,2932,119,3292,0.0316242,0.0506873,76.5783,0.00281619,0.09239,0.00157423
Kirlik14-ILP_p-3_n-20_m-10_ins-7.dat,3,20,WLP,breadth,coneOB,1,33,101.245,476728,1.35778,89.7923,5.30237,23355,6,33,17.4722,8794,22,2862,0.0565907,0.0709692,98.6806,0.00426196,1.21515,0.00792503
Kirlik14-ILP_p-3_n-20_m-10_ins-7.dat,3,20,WLP,breadth,fullOB,1,33,103.026,464129,1.43677,91.5325,5.08934,25417,6,33,17.4874,10697,21,2771,0.0542503,0.0673932,100.399,0.0237364,1.17754,0.00894476
Kirlik14-ILP_p-3_n-20_m-10_ins-7.dat,3,20,WLP,breadth,noOB,1,33,135.871,617728,1.81553,122.358,6.84979,23727,6,33,17.5952,5109,69,6686,0.0394403,0.0925038,133.321,0.00525298,1.1593,0.00967666
Kirlik14-ILP_p-3_n-20_m-10_ins-7.dat,3,20,WLP,depth,coneOB,1,33,45.7252,201249,0.673057,40.6789,2.15591,11665,5,33,17.5426,5141,26,666,0.0339258,0.0315324,44.5787,0.00302704,0.498034,0.00181185
Kirlik14-ILP_p-3_n-20_m-10_ins-7.dat,3,20,WLP,depth,fullOB,1,33,41.2793,193519,0.644291,36.3464,1.99726,12991,5,33,17.1685,6402,23,500,0.0315189,0.0291989,40.0699,0.0243614,0.523496,0.00181764
Kirlik14-ILP_p-3_n-20_m-10_ins-7.dat,3,20,WLP,depth,noOB,1,33,66.3855,316267,0.928531,59.4074,3.38407,12685,5,34,18.0646,2932,119,3292,0.0350218,0.0488513,65.1144,0.00274441,0.581874,0.00198365
Kirlik14-ILP_p-3_n-20_m-10_ins-8.dat,3,20,LP,breadth,coneOB,1,104,66.06,322405,5.01082,56.5572,2.27551,13799,3,34,20.7201,5894,43,963,0.0747964,0.0425114,65.1829,0.00414614,0.141007,0.00340975
Kirlik14-ILP_p-3_n-20_m-10_ins-8.dat,3,20,LP,breadth,fullOB,1,104,62.4415,298260,5.27978,52.7245,2.03183,15875,3,33,20.1805,7759,40,842,0.070971,0.0408753,61.4736,0.0242725,0.149322,0.00396341
Kirlik14-ILP_p-3_n-20_m-10_ins-8.dat,3,20,LP,breadth,noOB,1,104,102.189,492072,7.14077,88.7988,3.6448,15725,3,35,21.5074,4282,157,3424,0.0497755,0.068701,101.185,0.0034773,0.120221,0.00356626
Kirlik14-ILP_p-3_n-20_m-10_ins-8.dat,3,20,LP,depth,coneOB,1,104,44.8625,227119,3.69117,38.0115,1.51099,11087,3,35,21.1744,5036,47,461,0.0488514,0.0326935,44.1728,0.00455801,0.149793,0.00120418
Kirlik14-ILP_p-3_n-20_m-10_ins-8.dat,3,20,LP,depth,fullOB,1,104,41.9693,207262,3.86987,34.8754,1.37807,12949,3,35,19.9823,6804,46,330,0.0502242,0.0307604,41.1671,0.0340001,0.163382,0.0016485
Kirlik14-ILP_p-3_n-20_m-10_ins-8.dat,3,20,LP,depth,noOB,1,104,78.5765,393811,5.96173,67.4486,2.80741,14097,3,37,22.5516,4008,291,2750,0.0677041,0.0616288,77.7025,0.00294366,0.0966395,0.00179098
Kirlik14-ILP_p-3_n-20_m-10_ins-8.dat,3,20,WLP,breadth,coneOB,1,104,49.9127,226031,0.736688,43.863,2.51295,13795,3,34,20.7193,5888,43,967,0.0735621,0.0422334,48.3469,0.00398147,0.676128,0.00514593
Kirlik14-ILP_p-3_n-20_m-10_ins-8.dat,3,20,WLP,breadth,fullOB,1,104,46.2518,215216,0.767151,40.0733,2.32402,15879,3,33,20.1811,7762,40,843,0.0721582,0.0387332,44.5032,0.0246685,0.720063,0.00620575
Kirlik14-ILP_p-3_n-20_m-10_ins-8.dat,3,20,WLP,breadth,noOB,1,104,69.8381,314595,1.11156,62.063,3.542,15725,3,35,21.5074,4282,157,3424,0.0619346,0.0644282,68.0482,0.00331201,0.808133,0.00582286
Kirlik14-ILP_p-3_n-20_m-10_ins-8.dat,3,20,WLP,depth,coneOB,1,104,34.5437,160788,0.561047,30.2241,1.67597,11077,3,35,21.1686,5030,48,461,0.0544611,0.032204,33.3773,0.00479423,0.500835,0.00159079
Kirlik14-ILP_p-3_n-20_m-10_ins-8.dat,3,20,WLP,depth,fullOB,1,104,33.5703,151394,0.58168,29.1271,1.57051,12943,3,35,19.9822,6800,48,329,0.0525748,0.0296423,32.2657,0.0336628,0.566897,0.00191064
Kirlik14-ILP_p-3_n-20_m-10_ins-8.dat,3,20,WLP,depth,noOB,1,104,52.7686,248992,0.886504,46.3886,2.69808,14097,3,37,22.5516,4008,291,2750,0.0840345,0.0540736,51.3058,0.00281122,0.606013,0.00211602
Kirlik14-ILP_p-3_n-20_m-10_ins-9.dat,3,20,LP,breadth,coneOB,1,13,25.5072,123696,2.12899,21.7342,0.851112,5499,3,28,15.1385,2277,9,464,0.00814611,0.0144068,25.2142,0.000835901,0.0375383,0.001017
Kirlik14-ILP_p-3_n-20_m-10_ins-9.dat,3,20,LP,breadth,fullOB,1,13,25.4097,120458,2.18938,21.5607,0.828804,5653,3,28,15.0592,2432,9,463,0.00841408,0.0138802,25.0962,0.00449772,0.0377091,0.00112074
Kirlik14-ILP_p-3_n-20_m-10_ins-9.dat,3,20,LP,breadth,noOB,1,13,35.2726,167028,2.87177,30.2836,1.19077,5969,3,28,15.5621,1721,26,1238,0.00538512,0.0196361,34.9348,0.00133438,0.0420547,0.0013766
Kirlik14-ILP_p-3_n-20_m-10_ins-9.dat,3,20,LP,depth,coneOB,1,13,9.58363,45642,0.836937,8.11005,0.311288,2237,3,29,14.6586,1024,10,85,0.00328164,0.00561357,9.45471,0.000474199,0.0159282,0.000244414
Kirlik14-ILP_p-3_n-20_m-10_ins-9.dat,3,20,LP,depth,fullOB,1,13,9.19446,41898,0.843881,7.69335,0.300425,2421,3,28,14.0039,1217,10,54,0.00372399,0.0054288,9.05109,0.0028343,0.017505,0.000270688
Kirlik14-ILP_p-3_n-20_m-10_ins-9.dat,3,20,LP,depth,noOB,1,13,15.4881,75445,1.22254,13.2952,0.522825,2625,3,30,15.3633,760,25,528,0.0030008,0.00886869,15.3248,0.000523081,0.017848,0.000311218
Kirlik14-ILP_p-3_n-20_m-10_ins-9.dat,3,20,WLP,breadth,coneOB,1,13,22.2284,95706,0.263755,19.8767,1.05266,5499,3,28,15.1385,2277,9,464,0.00825072,0.0143326,21.6717,0.000908053,0.239541,0.00198211
Kirlik14-ILP_p-3_n-20_m-10_ins-9.dat,3,20,WLP,breadth,fullOB,1,13,20.7739,93706,0.255735,18.4376,1.02823,5653,3,28,15.0592,2432,9,463,0.00848428,0.0143349,20.216,0.00480109,0.246137,0.00211728
Kirlik14-ILP_p-3_n-20_m-10_ins-9.dat,3,20,WLP,breadth,noOB,1,13,27.641,124707,0.361123,24.787,1.36405,5971,3,28,15.5643,1721,26,1239,0.00621701,0.0193194,27.0308,0.00130192,0.269498,0.00233693
Kirlik14-ILP_p-3_n-20_m-10_ins-9.dat,3,20,WLP,depth,coneOB,1,13,7.70409,35425,0.118625,6.8253,0.368816,2239,3,29,14.6625,1025,10,85,0.00331542,0.00525779,7.50499,0.000429706,0.0871704,0.000326895
Kirlik14-ILP_p-3_n-20_m-10_ins-9.dat,3,20,WLP,depth,fullOB,1,13,7.05156,32948,0.113442,6.19471,0.329095,2421,3,28,14.0039,1217,10,54,0.00308919,0.00492609,6.82407,0.00259546,0.0910177,0.000346242
Kirlik14-ILP_p-3_n-20_m-10_ins-9.dat,3,20,WLP,depth,noOB,1,13,12.3329,56703,0.182613,10.9812,0.619151,2625,3,30,15.3633,760,25,528,0.00397689,0.00862014,12.0615,0.000585989,0.125188,0.000476689
Kirlik14-ILP_p-3_n-30_m-15_ins-1.dat,3,30,LP,breadth,coneOB,0,22,600.04,2218582,33.102,535.006,18.2877,54716,5,20,17.3901,18107,16,5604,0.240877,0.347095,595.737,0.0129739,0.72999,0.0154809
Kirlik14-ILP_p-3_n-30_m-15_ins-1.dat,3,30,LP,breadth,fullOB,0,25,600.03,2194786,34.4705,533.234,17.9813,59474,5,20,17.5843,21935,16,5641,0.248068,0.341708,595.462,0.0990034,0.784259,0.0169836
Kirlik14-ILP_p-3_n-30_m-15_ins-1.dat,3,30,LP,breadth,noOB,0,17,600.028,2197411,32.5819,536.175,19.0901,47359,5,19,16.8431,11678,24,7804,0.0858481,0.36229,596.113,0.0149537,0.685347,0.0147029
Kirlik14-ILP_p-3_n-30_m-15_ins-1.dat,3,30,LP,depth,coneOB,1,83,396.581,1434907,22.9382,351.885,11.2091,43995,5,46,21.0355,19300,32,2666,0.350913,0.224456,393.059,0.0194762,0.690218,0.00549626
Kirlik14-ILP_p-3_n-30_m-15_ins-1.dat,3,30,LP,depth,fullOB,1,83,371.942,1364399,23.1399,326.557,10.8421,50921,5,46,20.4184,25964,32,1976,0.354435,0.234125,367.928,0.239328,0.768891,0.00694175
Kirlik14-ILP_p-3_n-30_m-15_ins-1.dat,3,30,LP,depth,noOB,1,83,573.898,2114030,31.7797,511.162,17.7559,48159,5,46,21.7325,13145,175,10760,0.270259,0.34262,569.967,0.0124369,0.566373,0.00758391
Kirlik14-ILP_p-3_n-30_m-15_ins-1.dat,3,30,WLP,breadth,coneOB,0,21,600.055,1767206,2.94432,552.641,23.7099,53776,5,20,17.3392,17722,16,5536,0.264701,0.350545,588.965,0.013036,6.47829,0.0294119
Kirlik14-ILP_p-3_n-30_m-15_ins-1.dat,3,30,WLP,breadth,fullOB,0,16,600.042,1501950,3.82169,555.712,22.2581,46161,5,19,16.7369,15606,15,4009,0.222083,0.337474,590.931,0.0961671,5.222,0.0234668
Kirlik14-ILP_p-3_n-30_m-15_ins-1.dat,3,30,WLP,breadth,noOB,0,4,600.05,671233,9.8996,539.863,14.7051,15476,5,15,13.8468,3631,6,722,0.0359597,0.241394,569.728,0.00998747,3.1218,0.0115827
Kirlik14-ILP_p-3_n-30_m-15_ins-1.dat,3,30,WLP,depth,coneOB,1,83,499.287,1180382,4.6095,459.34,12.0019,43995,5,46,21.0347,19300,32,2666,0.33733,0.196655,483.489,0.0166014,2.53047,0.00638215
Kirlik14-ILP_p-3_n-30_m-15_ins-1.dat,3,30,WLP,depth,fullOB,1,83,428.973,1131182,4.30454,400.814,10.7381,50911,5,46,20.4177,25962,32,1975,0.325691,0.171945,423.323,0.168101,2.72348,0.00699038
